NACA649
0.0000 0.0000
0.0200 0.0059
0.0400 0.0117
0.0600 0.0173
0.0800 0.0228
0.1000 0.0281
0.1200 0.0333
0.1400 0.0383
0.1600 0.0432
0.1800 0.0479
0.2000 0.0525
0.2200 0.0569
0.2400 0.0612
0.2600 0.0653
0.2800 0.0693
0.3000 0.0731
0.3200 0.0768
0.3400 0.0803
0.3600 0.0837
0.3800 0.0869
0.4000 0.0900
0.4200 0.0929
0.4400 0.0957
0.4600 0.0983
0.4800 0.1008
0.5000 0.1031
0.5200 0.1053
0.5400 0.1073
0.5600 0.1092
0.5800 0.1109
0.6000 0.1125
0.6200 0.1139
0.6400 0.1152
0.6600 0.1163
0.6800 0.1173
0.7000 0.1181
0.7200 0.1188
0.7400 0.1193
0.7600 0.1197
0.7800 0.1199
0.8000 0.1200
0.8200 0.1200
0.8400 0.1199
0.8600 0.1197
0.8800 0.1195
0.9000 0.1192
0.9200 0.1188
0.9400 0.1184
0.9600 0.1179
0.9800 0.1173
1.0000 0.1167
1.0200 0.1160
1.0400 0.1152
1.0600 0.1144
1.0800 0.1135
1.1000 0.1125
1.1200 0.1115
1.1400 0.1104
1.1600 0.1092
1.1800 0.1080
1.2000 0.1067
1.2200 0.1053
1.2400 0.1039
1.2600 0.1024
1.2800 0.1008
1.3000 0.0992
1.3200 0.0975
1.3400 0.0957
1.3600 0.0939
1.3800 0.0920
1.4000 0.0900
1.4200 0.0880
1.4400 0.0859
1.4600 0.0837
1.4800 0.0815
1.5000 0.0792
1.5200 0.0768
1.5400 0.0744
1.5600 0.0719
1.5800 0.0693
1.6000 0.0667
1.6200 0.0640
1.6400 0.0612
1.6600 0.0584
1.6800 0.0555
1.7000 0.0525
1.7200 0.0495
1.7400 0.0464
1.7600 0.0432
1.7800 0.0400
1.8000 0.0367
1.8200 0.0333
1.8400 0.0299
1.8600 0.0264
1.8800 0.0228
1.9000 0.0192
1.9200 0.0155
1.9400 0.0117
1.9600 0.0079
1.9800 0.0040
2.0000 0.0000
